"x"
-2.17470645683241
-2.38570256071649
-2.16957436514479
-2.55241352334734
-1.9442254743438
-1.25769598990336
-1.76146594651833
-1.48205796707209
-0.970583515717194
-0.373140021827474
-0.701550357573326
-0.0711395037314658
-0.261129434916199
0.0421124185600825
0.450730006495279
1.11908924185609
0.657902903928716
2.69031699811395
1.47745881765788
0.872971930177024
1.4865733703821
1.06568602702064
2.28607015397149
3.64556728329505
1.60105013203208
1.11235798058382
3.38492699138662
0.569793379751115
-2.47272371255207
-1.62406844475608
-5.05960151728665
-2.13396211285636
-2.14068827420271
-1.68655215373456
-1.13916914282359
-1.533475995183
-1.26041931455022
-1.20196521143419
-1.01898941872035
-0.987075310895239
0.311864585895008
-0.611630264350773
0.400103150859323
-0.0792612444266546
0.263109303591354
-0.933158730867934
-0.0879473987320647
0.516035254731535
0.864878322156023
1.19938287840811
-0.0389277989425761
1.00795616058716
0.91562149169953
0.57031845244298
1.33864850275027
0.673315421863286
0.457582813545699
1.35598716002576
1.04396192791371
1.18377729195237
1.65821873577833
0.850069853482748
1.28463638751522
1.44354089704391
-1.92341525530024
-2.01653856618708
-1.81188511548823
-2.04010774387535
-1.66133478661295
-1.03610578637692
-1.55801055211517
-1.28522533665776
-1.93933001414434
-1.49016968489207
0.406112559443266
-0.572471949464393
-1.34937728555248
-1.13944413007392
0.48278319282126
0.210853777517732
-0.0735818077081455
2.71839174780768
1.32133767692165
1.77740708968395
1.48033906921377
2.04383353765857
1.95542657609143
0.6253900867623
1.94830440022319
0.949226136791054
-0.0697030069499093
0.811966807527755
1.50254121754718
0.740785545402558
1.41092281789021
